Pre - Pri

Ι1101011101010.) ecloga. 11, 676.

· 110000100101 (111.) 11111. 6110107111. IV, 15411,

, 541. 0000101 1171100101. IX, 590.

' 1101101 (Ios.) Anleitung. 1Χ,45. 94.

1101111 <reuectus 10) 1770711 11, 957. 1 ’

Ρ1000107(1.0111.) Auleitung. X,7.

PreuIchen (0.11. L.) 1110100101. IX, 57. 507111-
70. 65. 1691011110ου1. eccles. 154. 10111-
100110. 165. 1010101107011001Τ1011.165. Le·
hemfolge. 169. 11071010071011. 989. Grund-
1111. Χ, 9.

11001101 (Μο1110111.)0011000. 11, 674.

11100011 (Pione) 1901111110 du 1011. 111, 156. 10110
11010111. 159. 1110110 1011111101. 997. odoro·
Icovaitkung. VIII, 75. 00100110 71010111.
546. gains 10110111. 557. 101011111111 101
107001. 474. 17110010 1011110. 401.409. 701011
10101409. 11001111 0110. 560. 0101010. IX, 7.
6000001010101101001 700001. 905. 11010000.
X, 554. 5001001100700. 566. 11101 Thau. 568.

, 1100011101117.) 700010. 11, 676.

11100 (0111111181011111. 1, 119. 0101101100 01
light. 549. 00 0101017 1111101100. 111, 560.
510711711011, 140.

·- (11101.) 7111101701 10 7000010000111. IX, 177.

1111701000 (Μ1.) 1101010. 1,107.

1111010001 (0017.) 00111100. X, 594.

11101011 (Ρ.) 10110101 71171. 1110111001. 1, 86.

1110101ἰο (57100111)000010110001.ΙῙ, 174.

mom«, (101.) 110000ωο101. 111,57. (1010110110

101 111οο0101111. 171. 011010. 0100019000195.
0101010117.171.111..119.159. 111011 01011. 911.

701. XIII.

³9

994. 0001101100 -10 1010916. 918. 0110171100

10 1011. 917. 0170111010101. 01 111. 995. sur
10 phlo'gistique· - 10110010 und Beobach·

· mugen. 994. 1110000110001011.- 7111010111
00101111. 954. 7111111 1110111101. 561. 711071100.
VIII, 6. 7. 1010000110 011. 9. 110. 0011117.
16. acide du 01110. 95. 011 fixe 010011. 5910
0001701. 01100101. 85. 01011011. 104. 01011110
00110. 191. 171111 01111110. 157. 10171101100. ’

171. 969. 505. 1011τί700 Μο1001. Χ, 566.

111000011(Μ1.) Τ111171. 1, 149. 100100 1001. 111,

415.

1111001101 (07110011.) 10 07111. Pauli. V, 14.

Primo (1111.) [hell-Imm. V, 174. [0117111070. Χ,
585.

1111100 (Mt.) 0711011011011110 100. 111, 946.

1110710 (51110110) 0170001 d’air. VII, 911. attrac-
11011 10 1000117110. 951. 10171110. 486. 1000
11110100. VIII, 190. 0111000 01107. 194. 7001
10001. 915. 0110010100111. 960. 7011110110.
968. 1011111 01 10011011. 589. 1107107110. Χ,
114. 159. ’

1111111 ‘a 11110110([)10.) 1110100010. 11, 515.

111111 (000) 1107107110. X, 159.

1110000111ορ (Mt.) 1100001011545.

11101010 (801. (1001.) 111001. 11017100. 11, 511.
515. 1111101111. 546. 549.

1.101’0,0.1,1.0.,..10.. vn, ⁶4·

1111011000110 (11000.) 1110010001111111. 11, 158.

11101001810011011101 0701. 11, 45. 1110101100. 159.
07010. IV, 169. 10 accentibus. VI, 656. frag·

010010.. X, 961.

Μ

 

